05 00 04 00
CA F0 F0 50
00 00 04 00
02 10 00 00
00 00 FF 7F
0E 00 00 01
09 0F 00 00
0E 00 00 08
0B 10 00 00
0F 10 00 08
00 F0 04 00
03 F1 00 00
04 8F 00 00
07 00 08 00
0A F1 00 00
04 8F 00 00
08 00 04 00
05 00 04 00
09 0F 00 00
0E 00 00 01
0B 10 00 00
00 E0 01 00
04 DE 00 00
07 00 08 00
0A ED 00 00
04 8F 00 00
08 00 04 00
05 00 04 00
09 0F 00 00
0E 00 00 01
0B 10 00 00
04 DE 00 00
07 00 08 00
0A ED 00 00
04 8F 00 00
08 00 04 00
05 00 04 00
09 0F 00 00
0E 00 00 01
0B 10 00 00
00 E0 01 00
04 DE 00 00
07 00 08 00
0A ED 00 00
04 8F 00 00
08 00 04 00
05 00 04 00
09 0F 00 00
0E 00 00 01
0B 10 00 00
00 E0 01 00
04 DE 00 00
07 00 08 00
0A ED 00 00
04 8F 00 00
08 00 04 00
05 00 04 00
00 F0 5C 00
02 D0 00 00
04 DE 00 00
08 00 F0 F0
0A ED 00 00
03 CD 00 00
05 00 E4 FF